-0.062948 -0.122861 0.957168
0.000000 -0.122861 0.957996
-0.061713 -0.059624 0.958808

-0.062948 -0.122861 0.957168
0.061713 -0.122861 0.958808
-0.060527 0.001181 0.960385

0.181580 -0.122861 0.960385
0.296923 -0.122861 0.961903
0.174854 -0.003413 0.963364

0.181580 -0.122861 0.960385
0.174854 -0.003413 0.963364
0.061713 -0.122861 0.958808

0.181580 -0.122861 0.960385
0.168610 0.107504 0.966130
-0.062948 -0.122861 0.957168

0.181580 -0.122861 0.960385
0.296923 -0.122861 0.961903
0.174854 -0.003413 0.963364

0.181580 -0.122861 0.960385
0.239800 -0.122861 0.941235
0.174854 -0.003413 0.963364

0.181580 -0.122861 0.960385
0.296923 -0.122861 0.961903
0.174854 -0.003413 0.963364

-0.062948 -0.122861 0.957168
-0.000627 -0.122687 0.958600
-0.060158 0.002632 0.959221

-0.062948 -0.122861 0.957168
0.031054 -0.076652 0.965832
-0.076823 -0.064193 0.955065

-0.062948 -0.122861 0.957168
0.069744 -0.078895 0.970567
-0.088407 0.066608 0.954710

-0.062948 -0.122861 0.957168
-0.030543 -0.176420 0.953190
-0.025488 -0.082427 0.953684

